{"nbformat":4,"nbformat_minor":0,"metadata":{"colab":{"provenance":[],"authorship_tag":"ABX9TyOzRrmwvMqAAqdndB3AE0FZ"},"kernelspec":{"name":"python3","display_name":"Python 3"},"language_info":{"name":"python"}},"cells":[{"cell_type":"markdown","source":["**Practice 1: Train Softmax Regression for multi-class classifiation**\n","\n","---\n","\n"],"metadata":{"id":"PEilsY3t_l4b"}},{"cell_type":"code","execution_count":1,"metadata":{"colab":{"base_uri":"https://localhost:8080/"},"id":"n2do5Y44laiR","executionInfo":{"status":"ok","timestamp":1670101928998,"user_tz":360,"elapsed":1418,"user":{"displayName":"Ethan Kao","userId":"06145837068392391056"}},"outputId":"fec7c392-e860-4a41-e087-1c04ab49c1f6"},"outputs":[{"output_type":"stream","name":"stdout","text":["(150, 4)\n","[0 0 0 0 0 0 0 0 0 0 0 0 0 0 0 0 0 0 0 0 0 0 0 0 0 0 0 0 0 0 0 0 0 0 0 0 0\n"," 0 0 0 0 0 0 0 0 0 0 0 0 0 1 1 1 1 1 1 1 1 1 1 1 1 1 1 1 1 1 1 1 1 1 1 1 1\n"," 1 1 1 1 1 1 1 1 1 1 1 1 1 1 1 1 1 1 1 1 1 1 1 1 1 1 2 2 2 2 2 2 2 2 2 2 2\n"," 2 2 2 2 2 2 2 2 2 2 2 2 2 2 2 2 2 2 2 2 2 2 2 2 2 2 2 2 2 2 2 2 2 2 2 2 2\n"," 2 2]\n"]}],"source":["# practice 1.1: setup iris dataset for multi-class classification\n","from sklearn import datasets\n","import numpy as np\n","\n","iris = datasets.load_iris()\n","\n","# get features from iris data\n","X = iris[\"data\"][:, :] # using all features\n","\n","# keep all labels for multi-class classification\n","y = iris[\"target\"]\n","\n","print(X.shape)\n","print(y)"]},{"cell_type":"code","source":["# practice 1.2: Train the Softmax Regression classifier\n","from sklearn.linear_model import LogisticRegression\n","softmax_regression = LogisticRegression(multi_class='multinomial', solver='lbfgs')\n","softmax_regression.fit(X, y)"],"metadata":{"colab":{"base_uri":"https://localhost:8080/"},"id":"4XT7U4x1_q55","executionInfo":{"status":"ok","timestamp":1670101929203,"user_tz":360,"elapsed":207,"user":{"displayName":"Ethan Kao","userId":"06145837068392391056"}},"outputId":"26c30a99-cb5f-4191-9e61-7705e4d14b4e"},"execution_count":2,"outputs":[{"output_type":"stream","name":"stderr","text":["/usr/local/lib/python3.8/dist-packages/sklearn/linear_model/_logistic.py:814: ConvergenceWarning: lbfgs failed to converge (status=1):\n","STOP: TOTAL NO. of ITERATIONS REACHED LIMIT.\n","\n","Increase the number of iterations (max_iter) or scale the data as shown in:\n","    https://scikit-learn.org/stable/modules/preprocessing.html\n","Please also refer to the documentation for alternative solver options:\n","    https://scikit-learn.org/stable/modules/linear_model.html#logistic-regression\n","  n_iter_i = _check_optimize_result(\n"]},{"output_type":"execute_result","data":{"text/plain":["LogisticRegression(multi_class='multinomial')"]},"metadata":{},"execution_count":2}]},{"cell_type":"code","source":["# practice 1.3: get the predicted labels for training instances\n","y_prediction_labels = softmax_regression.predict(X)"],"metadata":{"id":"2iszdGV9_2FK","executionInfo":{"status":"ok","timestamp":1670101929398,"user_tz":360,"elapsed":196,"user":{"displayName":"Ethan Kao","userId":"06145837068392391056"}}},"execution_count":3,"outputs":[]},{"cell_type":"code","source":["# practice 1.4: get the predicted probabilities of both classes for training instances\n","y_prediction_probs = softmax_regression.predict_proba(X)\n","y_prediction_probs "],"metadata":{"colab":{"base_uri":"https://localhost:8080/"},"id":"EAkHmP1a_-r3","executionInfo":{"status":"ok","timestamp":1670101929398,"user_tz":360,"elapsed":11,"user":{"displayName":"Ethan Kao","userId":"06145837068392391056"}},"outputId":"b7d2fd12-6a49-4ce6-9833-8975dcddfe06"},"execution_count":4,"outputs":[{"output_type":"execute_result","data":{"text/plain":["array([[9.81801790e-01, 1.81981959e-02, 1.43556907e-08],\n","       [9.71727348e-01, 2.82726221e-02, 3.00307256e-08],\n","       [9.85451821e-01, 1.45481667e-02, 1.22669829e-08],\n","       [9.76299555e-01, 2.37004051e-02, 3.95392775e-08],\n","       [9.85388794e-01, 1.46111946e-02, 1.18844386e-08],\n","       [9.70470231e-01, 2.95296954e-02, 7.31658657e-08],\n","       [9.86892099e-01, 1.31078812e-02, 1.98813481e-08],\n","       [9.76403999e-01, 2.35959736e-02, 2.74987214e-08],\n","       [9.79846470e-01, 2.01534997e-02, 3.05483138e-08],\n","       [9.69136281e-01, 3.08636877e-02, 3.15045384e-08],\n","       [9.76507990e-01, 2.34919910e-02, 1.91247633e-08],\n","       [9.75414682e-01, 2.45852747e-02, 4.36441157e-08],\n","       [9.74561901e-01, 2.54380777e-02, 2.13874589e-08],\n","       [9.91974148e-01, 8.02584827e-03, 3.87570298e-09],\n","       [9.88203900e-01, 1.17960975e-02, 2.79268763e-09],\n","       [9.86776508e-01, 1.32234792e-02, 1.27205635e-08],\n","       [9.88117663e-01, 1.18823279e-02, 9.15150624e-09],\n","       [9.81557981e-01, 1.84419995e-02, 1.96012742e-08],\n","       [9.56592782e-01, 4.34071500e-02, 6.80646603e-08],\n","       [9.84124148e-01, 1.58758318e-02, 2.04221692e-08],\n","       [9.46778575e-01, 5.32213394e-02, 8.59937397e-08],\n","       [9.81750821e-01, 1.82491459e-02, 3.27150043e-08],\n","       [9.96008645e-01, 3.99135399e-03, 1.30550190e-09],\n","       [9.52336924e-01, 4.76628399e-02, 2.36335088e-07],\n","       [9.51866063e-01, 4.81337313e-02, 2.05255139e-07],\n","       [9.51570008e-01, 4.84299052e-02, 8.65141018e-08],\n","       [9.69633942e-01, 3.03659723e-02, 8.60374445e-08],\n","       [9.74936793e-01, 2.50631826e-02, 2.48279520e-08],\n","       [9.77354426e-01, 2.26455571e-02, 1.73253325e-08],\n","       [9.71233610e-01, 2.87663317e-02, 5.82650134e-08],\n","       [9.64297464e-01, 3.57024661e-02, 7.01333192e-08],\n","       [9.64962614e-01, 3.50373288e-02, 5.72985799e-08],\n","       [9.88382975e-01, 1.16170178e-02, 6.97537729e-09],\n","       [9.89070530e-01, 1.09294649e-02, 5.26213807e-09],\n","       [9.68728189e-01, 3.12717677e-02, 4.30088945e-08],\n","       [9.84673354e-01, 1.53266382e-02, 7.95508196e-09],\n","       [9.78961658e-01, 2.10383326e-02, 9.57898809e-09],\n","       [9.86872184e-01, 1.31278078e-02, 8.45201616e-09],\n","       [9.85856930e-01, 1.41430549e-02, 1.54759336e-08],\n","       [9.74113249e-01, 2.58867228e-02, 2.82875914e-08],\n","       [9.86634249e-01, 1.33657395e-02, 1.13125463e-08],\n","       [9.62256872e-01, 3.77430614e-02, 6.60823068e-08],\n","       [9.89020044e-01, 1.09799446e-02, 1.12304395e-08],\n","       [9.72472499e-01, 2.75273645e-02, 1.36888673e-07],\n","       [9.60266905e-01, 3.97328732e-02, 2.21541145e-07],\n","       [9.73881004e-01, 2.61189561e-02, 3.98650028e-08],\n","       [9.80322738e-01, 1.96772370e-02, 2.51601705e-08],\n","       [9.83349850e-01, 1.66501299e-02, 2.00524502e-08],\n","       [9.78591484e-01, 2.14084973e-02, 1.85873780e-08],\n","       [9.78683198e-01, 2.13167824e-02, 1.91862519e-08],\n","       [2.11755077e-03, 8.74345929e-01, 1.23536520e-01],\n","       [5.77925303e-03, 8.59926096e-01, 1.34294651e-01],\n","       [1.05434330e-03, 7.25636033e-01, 2.73309623e-01],\n","       [1.53565263e-02, 9.39286963e-01, 4.53565105e-02],\n","       [2.36436131e-03, 8.14755045e-01, 1.82880594e-01],\n","       [6.91702444e-03, 8.60175991e-01, 1.32906984e-01],\n","       [3.73668089e-03, 7.17180528e-01, 2.79082791e-01],\n","       [1.47580714e-01, 8.49332541e-01, 3.08674539e-03],\n","       [2.76393557e-03, 8.96722780e-01, 1.00513285e-01],\n","       [4.11887918e-02, 9.11862909e-01, 4.69482990e-02],\n","       [5.57798972e-02, 9.37660519e-01, 6.55958371e-03],\n","       [1.50787926e-02, 8.98681901e-01, 8.62393063e-02],\n","       [9.09587954e-03, 9.76452032e-01, 1.44520888e-02],\n","       [3.02189356e-03, 7.79464946e-01, 2.17513160e-01],\n","       [7.42905321e-02, 9.15190155e-01, 1.05193132e-02],\n","       [5.26542947e-03, 9.26370408e-01, 6.83641621e-02],\n","       [8.61614597e-03, 7.74751752e-01, 2.16632102e-01],\n","       [1.63641470e-02, 9.65253357e-01, 1.83824964e-02],\n","       [1.80273816e-03, 7.99235762e-01, 1.98961500e-01],\n","       [2.38861501e-02, 9.59412625e-01, 1.67012250e-02],\n","       [2.27729209e-03, 4.40313799e-01, 5.57408909e-01],\n","       [1.67898084e-02, 9.56689458e-01, 2.65207336e-02],\n","       [7.08855608e-04, 5.95308074e-01, 4.03983070e-01],\n","       [3.01437605e-03, 8.60214847e-01, 1.36770777e-01],\n","       [7.05089448e-03, 9.42905241e-01, 5.00438650e-02],\n","       [5.05882629e-03, 9.20043807e-01, 7.48973663e-02],\n","       [1.11451586e-03, 8.01459707e-01, 1.97425777e-01],\n","       [5.73849003e-04, 4.81120711e-01, 5.18305440e-01],\n","       [5.43816570e-03, 8.12842086e-01, 1.81719748e-01],\n","       [6.17131016e-02, 9.34883232e-01, 3.40366654e-03],\n","       [2.90757827e-02, 9.57199763e-01, 1.37244539e-02],\n","       [3.70985485e-02, 9.55310575e-01, 7.59087618e-03],\n","       [2.51036004e-02, 9.56460595e-01, 1.84358041e-02],\n","       [4.43583659e-04, 3.49564168e-01, 6.49992248e-01],\n","       [1.01002951e-02, 7.51043409e-01, 2.38856296e-01],\n","       [9.88846633e-03, 7.89286227e-01, 2.00825307e-01],\n","       [2.25101096e-03, 8.05385714e-01, 1.92363275e-01],\n","       [2.75732391e-03, 9.12538396e-01, 8.47042804e-02],\n","       [2.68520446e-02, 9.28683948e-01, 4.44640071e-02],\n","       [1.98136622e-02, 9.37855185e-01, 4.23311527e-02],\n","       [8.63747449e-03, 8.97815330e-01, 9.35471955e-02],\n","       [4.60506380e-03, 8.28495150e-01, 1.66899786e-01],\n","       [1.75180857e-02, 9.56931440e-01, 2.55504743e-02],\n","       [1.21663003e-01, 8.75251971e-01, 3.08502688e-03],\n","       [1.43634171e-02, 9.20334571e-01, 6.53020123e-02],\n","       [1.98282268e-02, 9.38300978e-01, 4.18707951e-02],\n","       [1.69727079e-02, 9.25473732e-01, 5.75535600e-02],\n","       [8.45572644e-03, 9.35096032e-01, 5.64482414e-02],\n","       [2.43991890e-01, 7.54700391e-01, 1.30771879e-03],\n","       [1.90454625e-02, 9.35999575e-01, 4.49549622e-02],\n","       [8.85411322e-07, 3.92304173e-03, 9.96076073e-01],\n","       [2.38622566e-04, 1.61959687e-01, 8.37801690e-01],\n","       [2.45080562e-06, 2.56162896e-02, 9.74381260e-01],\n","       [3.08059944e-05, 8.19190771e-02, 9.18050117e-01],\n","       [3.67322055e-06, 1.74497934e-02, 9.82546533e-01],\n","       [5.47525369e-08, 4.67175169e-03, 9.95328194e-01],\n","       [5.67432625e-03, 5.11752141e-01, 4.82573533e-01],\n","       [6.16121587e-07, 2.15070454e-02, 9.78492338e-01],\n","       [5.15429766e-06, 5.32374069e-02, 9.46757439e-01],\n","       [6.45537318e-07, 5.77467057e-03, 9.94224684e-01],\n","       [2.98507890e-04, 2.10386552e-01, 7.89314940e-01],\n","       [7.16914675e-05, 1.36870691e-01, 8.63057618e-01],\n","       [2.09822672e-05, 6.51775565e-02, 9.34801461e-01],\n","       [2.24812695e-04, 1.44106249e-01, 8.55668938e-01],\n","       [6.74367573e-05, 4.30886224e-02, 9.56843941e-01],\n","       [5.07573833e-05, 5.38960136e-02, 9.46053229e-01],\n","       [5.49534139e-05, 1.23253691e-01, 8.76691356e-01],\n","       [8.41657694e-08, 3.62090115e-03, 9.96379015e-01],\n","       [3.10226199e-09, 1.00194705e-03, 9.98998050e-01],\n","       [3.84851706e-04, 4.50294847e-01, 5.49320302e-01],\n","       [5.51998438e-06, 2.38492929e-02, 9.76145187e-01],\n","       [6.02380187e-04, 1.89529146e-01, 8.09868474e-01],\n","       [3.10563914e-08, 4.68520377e-03, 9.95314765e-01],\n","       [5.78687692e-04, 3.91702690e-01, 6.07718623e-01],\n","       [1.26740130e-05, 3.87695770e-02, 9.61217749e-01],\n","       [4.82177062e-06, 5.19364520e-02, 9.48058726e-01],\n","       [1.06027350e-03, 4.55205851e-01, 5.43733875e-01],\n","       [1.01036832e-03, 3.85010054e-01, 6.13979578e-01],\n","       [1.04711441e-05, 3.62520822e-02, 9.63737447e-01],\n","       [1.67803174e-05, 1.42900312e-01, 8.57082907e-01],\n","       [1.05323120e-06, 2.92859989e-02, 9.70712948e-01],\n","       [7.01557496e-07, 1.77051665e-02, 9.82294132e-01],\n","       [7.73936346e-06, 2.71601143e-02, 9.72832146e-01],\n","       [5.23344969e-04, 4.75951359e-01, 5.23525296e-01],\n","       [6.18948796e-05, 1.89381386e-01, 8.10556719e-01],\n","       [3.88661790e-07, 1.17409121e-02, 9.88258699e-01],\n","       [1.14177911e-05, 1.73508759e-02, 9.82637706e-01],\n","       [6.68707063e-05, 1.19981629e-01, 8.79951500e-01],\n","       [1.60087879e-03, 4.39840845e-01, 5.58558276e-01],\n","       [3.91941525e-05, 9.33819857e-02, 9.06578820e-01],\n","       [6.19613449e-06, 2.02254712e-02, 9.79768333e-01],\n","       [9.82938427e-05, 1.19937583e-01, 8.79964123e-01],\n","       [2.38622566e-04, 1.61959687e-01, 8.37801690e-01],\n","       [2.01786929e-06, 1.26114016e-02, 9.87386581e-01],\n","       [3.74399594e-06, 1.20910051e-02, 9.87905251e-01],\n","       [5.50332862e-05, 7.96157497e-02, 9.20329217e-01],\n","       [2.23793471e-04, 2.50251965e-01, 7.49524242e-01],\n","       [1.36533161e-04, 1.56830509e-01, 8.43032958e-01],\n","       [4.48873502e-05, 3.84702083e-02, 9.61484904e-01],\n","       [4.68819654e-04, 2.35001997e-01, 7.64529183e-01]])"]},"metadata":{},"execution_count":4}]},{"cell_type":"code","source":["from sklearn.metrics import accuracy_score\n","#accuracy_score(y_true, y_pred)\n","accuracy_score(y, y_prediction_labels)"],"metadata":{"colab":{"base_uri":"https://localhost:8080/"},"id":"xQ33BV41AF9K","executionInfo":{"status":"ok","timestamp":1670101929398,"user_tz":360,"elapsed":9,"user":{"displayName":"Ethan Kao","userId":"06145837068392391056"}},"outputId":"1f1be2dc-88d0-498f-826b-787150ca74f4"},"execution_count":5,"outputs":[{"output_type":"execute_result","data":{"text/plain":["0.9733333333333334"]},"metadata":{},"execution_count":5}]},{"cell_type":"markdown","source":["**Practice 2: Build multi-layer neural network for binary classification**\n","\n","---\n","\n"],"metadata":{"id":"llIts745DxAs"}},{"cell_type":"code","source":["# practice 2.1: Load training data\n","import pandas as pd\n","from sklearn.utils import shuffle\n","train_data = pd.read_csv('https://archive.ics.uci.edu/ml/machine-learning-databases/spect/SPECT.train', header=None)\n","train_data.columns = ['Label']+[ 'F'+str(i) for i in range(1,23)]\n","train_data = shuffle(train_data) # shuffle data\n","train_data"],"metadata":{"colab":{"base_uri":"https://localhost:8080/","height":423},"id":"QO2zo_aiDyPs","executionInfo":{"status":"ok","timestamp":1670101930290,"user_tz":360,"elapsed":896,"user":{"displayName":"Ethan Kao","userId":"06145837068392391056"}},"outputId":"5dd81e59-c7c2-40bf-f348-0b59574e1040"},"execution_count":6,"outputs":[{"output_type":"execute_result","data":{"text/plain":["    Label  F1  F2  F3  F4  F5  F6  F7  F8  F9  ...  F13  F14  F15  F16  F17  \\\n","31      1   0   0   0   0   0   0   0   0   0  ...    0    0    0    0    0   \n","45      0   1   0   0   0   1   0   0   0   0  ...    0    0    0    0    0   \n","32      1   1   1   0   0   1   1   1   0   0  ...    0    0    0    0    1   \n","56      0   0   0   0   0   0   0   0   0   0  ...    0    0    0    0    0   \n","16      1   0   0   1   1   0   0   0   1   1  ...    1    1    0    1    0   \n","..    ...  ..  ..  ..  ..  ..  ..  ..  ..  ..  ...  ...  ...  ...  ...  ...   \n","76      0   1   0   0   0   1   1   0   0   1  ...    0    1    0    0    0   \n","17      1   0   0   0   0   0   0   1   0   0  ...    0    0    0    0    0   \n","71      0   0   0   0   0   0   1   0   0   0  ...    0    0    0    0    0   \n","12      1   1   0   0   0   1   0   0   0   0  ...    1    0    0    0    0   \n","0       1   0   0   0   1   0   0   0   1   1  ...    1    1    0    0    0   \n","\n","    F18  F19  F20  F21  F22  \n","31    0    0    0    0    0  \n","45    0    0    0    0    1  \n","32    0    1    0    0    1  \n","56    0    1    1    0    0  \n","16    0    0    0    1    0  \n","..  ...  ...  ...  ...  ...  \n","76    0    1    1    0    0  \n","17    0    0    0    0    1  \n","71    0    0    0    0    0  \n","12    0    0    0    1    1  \n","0     0    0    0    0    0  \n","\n","[80 rows x 23 columns]"],"text/html":["\n","  <div id=\"df-1a508e48-ac0f-4f93-b691-7bc62b26dacc\">\n","    <div class=\"colab-df-container\">\n","      <div>\n","<style scoped>\n","    .dataframe tbody tr th:only-of-type {\n","        vertical-align: middle;\n","    }\n","\n","    .dataframe tbody tr th {\n","        vertical-align: top;\n","    }\n","\n","    .dataframe thead th {\n","        text-align: right;\n","    }\n","</style>\n","<table border=\"1\" class=\"dataframe\">\n","  <thead>\n","    <tr style=\"text-align: right;\">\n","      <th></th>\n","      <th>Label</th>\n","      <th>F1</th>\n","      <th>F2</th>\n","      <th>F3</th>\n","      <th>F4</th>\n","      <th>F5</th>\n","      <th>F6</th>\n","      <th>F7</th>\n","      <th>F8</th>\n","      <th>F9</th>\n","      <th>...</th>\n","      <th>F13</th>\n","      <th>F14</th>\n","      <th>F15</th>\n","      <th>F16</th>\n","      <th>F17</th>\n","      <th>F18</th>\n","      <th>F19</th>\n","      <th>F20</th>\n","      <th>F21</th>\n","      <th>F22</th>\n","    </tr>\n","  </thead>\n","  <tbody>\n","    <tr>\n","      <th>31</th>\n","      <td>1</td>\n","      <td>0</td>\n","      <td>0</td>\n","      <td>0</td>\n","      <td>0</td>\n","      <td>0</td>\n","      <td>0</td>\n","      <td>0</td>\n","      <td>0</td>\n","      <td>0</td>\n","      <td>...</td>\n","      <td>0</td>\n","      <td>0</td>\n","      <td>0</td>\n","      <td>0</td>\n","      <td>0</td>\n","      <td>0</td>\n","      <td>0</td>\n","      <td>0</td>\n","      <td>0</td>\n","      <td>0</td>\n","    </tr>\n","    <tr>\n","      <th>45</th>\n","      <td>0</td>\n","      <td>1</td>\n","      <td>0</td>\n","      <td>0</td>\n","      <td>0</td>\n","      <td>1</td>\n","      <td>0</td>\n","      <td>0</td>\n","      <td>0</td>\n","      <td>0</td>\n","      <td>...</td>\n","      <td>0</td>\n","      <td>0</td>\n","      <td>0</td>\n","      <td>0</td>\n","      <td>0</td>\n","      <td>0</td>\n","      <td>0</td>\n","      <td>0</td>\n","      <td>0</td>\n","      <td>1</td>\n","    </tr>\n","    <tr>\n","      <th>32</th>\n","      <td>1</td>\n","      <td>1</td>\n","      <td>1</td>\n","      <td>0</td>\n","      <td>0</td>\n","      <td>1</td>\n","      <td>1</td>\n","      <td>1</td>\n","      <td>0</td>\n","      <td>0</td>\n","      <td>...</td>\n","      <td>0</td>\n","      <td>0</td>\n","      <td>0</td>\n","      <td>0</td>\n","      <td>1</td>\n","      <td>0</td>\n","      <td>1</td>\n","      <td>0</td>\n","      <td>0</td>\n","      <td>1</td>\n","    </tr>\n","    <tr>\n","      <th>56</th>\n","      <td>0</td>\n","      <td>0</td>\n","      <td>0</td>\n","      <td>0</td>\n","      <td>0</td>\n","      <td>0</td>\n","      <td>0</td>\n","      <td>0</td>\n","      <td>0</td>\n","      <td>0</td>\n","      <td>...</td>\n","      <td>0</td>\n","      <td>0</td>\n","      <td>0</td>\n","      <td>0</td>\n","      <td>0</td>\n","      <td>0</td>\n","      <td>1</td>\n","      <td>1</td>\n","      <td>0</td>\n","      <td>0</td>\n","    </tr>\n","    <tr>\n","      <th>16</th>\n","      <td>1</td>\n","      <td>0</td>\n","      <td>0</td>\n","      <td>1</td>\n","      <td>1</td>\n","      <td>0</td>\n","      <td>0</td>\n","      <td>0</td>\n","      <td>1</td>\n","      <td>1</td>\n","      <td>...</td>\n","      <td>1</td>\n","      <td>1</td>\n","      <td>0</td>\n","      <td>1</td>\n","      <td>0</td>\n","      <td>0</td>\n","      <td>0</td>\n","      <td>0</td>\n","      <td>1</td>\n","      <td>0</td>\n","    </tr>\n","    <tr>\n","      <th>...</th>\n","      <td>...</td>\n","      <td>...</td>\n","      <td>...</td>\n","      <td>...</td>\n","      <td>...</td>\n","      <td>...</td>\n","      <td>...</td>\n","      <td>...</td>\n","      <td>...</td>\n","      <td>...</td>\n","      <td>...</td>\n","      <td>...</td>\n","      <td>...</td>\n","      <td>...</td>\n","      <td>...</td>\n","      <td>...</td>\n","      <td>...</td>\n","      <td>...</td>\n","      <td>...</td>\n","      <td>...</td>\n","      <td>...</td>\n","    </tr>\n","    <tr>\n","      <th>76</th>\n","      <td>0</td>\n","      <td>1</td>\n","      <td>0</td>\n","      <td>0</td>\n","      <td>0</td>\n","      <td>1</td>\n","      <td>1</td>\n","      <td>0</td>\n","      <td>0</td>\n","      <td>1</td>\n","      <td>...</td>\n","      <td>0</td>\n","      <td>1</td>\n","      <td>0</td>\n","      <td>0</td>\n","      <td>0</td>\n","      <td>0</td>\n","      <td>1</td>\n","      <td>1</td>\n","      <td>0</td>\n","      <td>0</td>\n","    </tr>\n","    <tr>\n","      <th>17</th>\n","      <td>1</td>\n","      <td>0</td>\n","      <td>0</td>\n","      <td>0</td>\n","      <td>0</td>\n","      <td>0</td>\n","      <td>0</td>\n","      <td>1</td>\n","      <td>0</td>\n","      <td>0</td>\n","      <td>...</td>\n","      <td>0</td>\n","      <td>0</td>\n","      <td>0</td>\n","      <td>0</td>\n","      <td>0</td>\n","      <td>0</td>\n","      <td>0</td>\n","      <td>0</td>\n","      <td>0</td>\n","      <td>1</td>\n","    </tr>\n","    <tr>\n","      <th>71</th>\n","      <td>0</td>\n","      <td>0</td>\n","      <td>0</td>\n","      <td>0</td>\n","      <td>0</td>\n","      <td>0</td>\n","      <td>1</td>\n","      <td>0</td>\n","      <td>0</td>\n","      <td>0</td>\n","      <td>...</td>\n","      <td>0</td>\n","      <td>0</td>\n","      <td>0</td>\n","      <td>0</td>\n","      <td>0</td>\n","      <td>0</td>\n","      <td>0</td>\n","      <td>0</td>\n","      <td>0</td>\n","      <td>0</td>\n","    </tr>\n","    <tr>\n","      <th>12</th>\n","      <td>1</td>\n","      <td>1</td>\n","      <td>0</td>\n","      <td>0</td>\n","      <td>0</td>\n","      <td>1</td>\n","      <td>0</td>\n","      <td>0</td>\n","      <td>0</td>\n","      <td>0</td>\n","      <td>...</td>\n","      <td>1</td>\n","      <td>0</td>\n","      <td>0</td>\n","      <td>0</td>\n","      <td>0</td>\n","      <td>0</td>\n","      <td>0</td>\n","      <td>0</td>\n","      <td>1</td>\n","      <td>1</td>\n","    </tr>\n","    <tr>\n","      <th>0</th>\n","      <td>1</td>\n","      <td>0</td>\n","      <td>0</td>\n","      <td>0</td>\n","      <td>1</td>\n","      <td>0</td>\n","      <td>0</td>\n","      <td>0</td>\n","      <td>1</td>\n","      <td>1</td>\n","      <td>...</td>\n","      <td>1</td>\n","      <td>1</td>\n","      <td>0</td>\n","      <td>0</td>\n","      <td>0</td>\n","      <td>0</td>\n","      <td>0</td>\n","      <td>0</td>\n","      <td>0</td>\n","      <td>0</td>\n","    </tr>\n","  </tbody>\n","</table>\n","<p>80 rows × 23 columns</p>\n","</div>\n","      <button class=\"colab-df-convert\" onclick=\"convertToInteractive('df-1a508e48-ac0f-4f93-b691-7bc62b26dacc')\"\n","              title=\"Convert this dataframe to an interactive table.\"\n","              style=\"display:none;\">\n","        \n","  <svg xmlns=\"http://www.w3.org/2000/svg\" height=\"24px\"viewBox=\"0 0 24 24\"\n","       width=\"24px\">\n","    <path d=\"M0 0h24v24H0V0z\" fill=\"none\"/>\n","    <path d=\"M18.56 5.44l.94 2.06.94-2.06 2.06-.94-2.06-.94-.94-2.06-.94 2.06-2.06.94zm-11 1L8.5 8.5l.94-2.06 2.06-.94-2.06-.94L8.5 2.5l-.94 2.06-2.06.94zm10 10l.94 2.06.94-2.06 2.06-.94-2.06-.94-.94-2.06-.94 2.06-2.06.94z\"/><path d=\"M17.41 7.96l-1.37-1.37c-.4-.4-.92-.59-1.43-.59-.52 0-1.04.2-1.43.59L10.3 9.45l-7.72 7.72c-.78.78-.78 2.05 0 2.83L4 21.41c.39.39.9.59 1.41.59.51 0 1.02-.2 1.41-.59l7.78-7.78 2.81-2.81c.8-.78.8-2.07 0-2.86zM5.41 20L4 18.59l7.72-7.72 1.47 1.35L5.41 20z\"/>\n","  </svg>\n","      </button>\n","      \n","  <style>\n","    .colab-df-container {\n","      display:flex;\n","      flex-wrap:wrap;\n","      gap: 12px;\n","    }\n","\n","    .colab-df-convert {\n","      background-color: #E8F0FE;\n","      border: none;\n","      border-radius: 50%;\n","      cursor: pointer;\n","      display: none;\n","      fill: #1967D2;\n","      height: 32px;\n","      padding: 0 0 0 0;\n","      width: 32px;\n","    }\n","\n","    .colab-df-convert:hover {\n","      background-color: #E2EBFA;\n","      box-shadow: 0px 1px 2px rgba(60, 64, 67, 0.3), 0px 1px 3px 1px rgba(60, 64, 67, 0.15);\n","      fill: #174EA6;\n","    }\n","\n","    [theme=dark] .colab-df-convert {\n","      background-color: #3B4455;\n","      fill: #D2E3FC;\n","    }\n","\n","    [theme=dark] .colab-df-convert:hover {\n","      background-color: #434B5C;\n","      box-shadow: 0px 1px 3px 1px rgba(0, 0, 0, 0.15);\n","      filter: drop-shadow(0px 1px 2px rgba(0, 0, 0, 0.3));\n","      fill: #FFFFFF;\n","    }\n","  </style>\n","\n","      <script>\n","        const buttonEl =\n","          document.querySelector('#df-1a508e48-ac0f-4f93-b691-7bc62b26dacc button.colab-df-convert');\n","        buttonEl.style.display =\n","          google.colab.kernel.accessAllowed ? 'block' : 'none';\n","\n","        async function convertToInteractive(key) {\n","          const element = document.querySelector('#df-1a508e48-ac0f-4f93-b691-7bc62b26dacc');\n","          const dataTable =\n","            await google.colab.kernel.invokeFunction('convertToInteractive',\n","                                                     [key], {});\n","          if (!dataTable) return;\n","\n","          const docLinkHtml = 'Like what you see? Visit the ' +\n","            '<a target=\"_blank\" href=https://colab.research.google.com/notebooks/data_table.ipynb>data table notebook</a>'\n","            + ' to learn more about interactive tables.';\n","          element.innerHTML = '';\n","          dataTable['output_type'] = 'display_data';\n","          await google.colab.output.renderOutput(dataTable, element);\n","          const docLink = document.createElement('div');\n","          docLink.innerHTML = docLinkHtml;\n","          element.appendChild(docLink);\n","        }\n","      </script>\n","    </div>\n","  </div>\n","  "]},"metadata":{},"execution_count":6}]},{"cell_type":"code","source":["# practice 2.2: Load testing data\n","import pandas as pd\n","test_data = pd.read_csv('https://archive.ics.uci.edu/ml/machine-learning-databases/spect/SPECT.test', header=None)\n","test_data.columns = ['Label']+[ 'F'+str(i) for i in range(1,23)]\n","test_data"],"metadata":{"colab":{"base_uri":"https://localhost:8080/","height":423},"id":"FjxSQNuoDzY3","executionInfo":{"status":"ok","timestamp":1670101930530,"user_tz":360,"elapsed":243,"user":{"displayName":"Ethan Kao","userId":"06145837068392391056"}},"outputId":"8740e0b0-851a-4dd3-96a4-4a2de34caaa8"},"execution_count":7,"outputs":[{"output_type":"execute_result","data":{"text/plain":["     Label  F1  F2  F3  F4  F5  F6  F7  F8  F9  ...  F13  F14  F15  F16  F17  \\\n","0        1   1   0   0   1   1   0   0   0   1  ...    0    1    1    1    0   \n","1        1   1   0   0   1   1   0   0   0   0  ...    1    0    0    0    0   \n","2        1   0   0   0   1   0   1   0   0   1  ...    0    1    1    0    0   \n","3        1   0   1   1   1   0   0   1   0   1  ...    1    1    0    1    0   \n","4        1   0   0   1   0   0   0   0   1   0  ...    1    1    0    1    0   \n","..     ...  ..  ..  ..  ..  ..  ..  ..  ..  ..  ...  ...  ...  ...  ...  ...   \n","182      0   0   0   0   0   0   0   0   0   0  ...    0    0    0    0    0   \n","183      0   1   1   0   0   0   1   0   0   0  ...    0    0    0    1    0   \n","184      0   1   0   1   0   1   0   0   1   0  ...    1    0    1    1    0   \n","185      0   1   0   1   0   1   0   0   1   1  ...    0    1    0    1    0   \n","186      0   0   0   0   0   0   0   0   0   0  ...    0    0    0    0    0   \n","\n","     F18  F19  F20  F21  F22  \n","0      0    1    1    0    0  \n","1      0    0    0    0    0  \n","2      0    0    0    0    1  \n","3      0    0    0    1    0  \n","4      0    0    0    0    1  \n","..   ...  ...  ...  ...  ...  \n","182    0    0    0    0    0  \n","183    0    0    0    0    0  \n","184    0    0    0    0    0  \n","185    0    0    0    0    0  \n","186    0    0    0    0    0  \n","\n","[187 rows x 23 columns]"],"text/html":["\n","  <div id=\"df-8cf4b3dc-984d-433f-a546-98401e21a592\">\n","    <div class=\"colab-df-container\">\n","      <div>\n","<style scoped>\n","    .dataframe tbody tr th:only-of-type {\n","        vertical-align: middle;\n","    }\n","\n","    .dataframe tbody tr th {\n","        vertical-align: top;\n","    }\n","\n","    .dataframe thead th {\n","        text-align: right;\n","    }\n","</style>\n","<table border=\"1\" class=\"dataframe\">\n","  <thead>\n","    <tr style=\"text-align: right;\">\n","      <th></th>\n","      <th>Label</th>\n","      <th>F1</th>\n","      <th>F2</th>\n","      <th>F3</th>\n","      <th>F4</th>\n","      <th>F5</th>\n","      <th>F6</th>\n","      <th>F7</th>\n","      <th>F8</th>\n","      <th>F9</th>\n","      <th>...</th>\n","      <th>F13</th>\n","      <th>F14</th>\n","      <th>F15</th>\n","      <th>F16</th>\n","      <th>F17</th>\n","      <th>F18</th>\n","      <th>F19</th>\n","      <th>F20</th>\n","      <th>F21</th>\n","      <th>F22</th>\n","    </tr>\n","  </thead>\n","  <tbody>\n","    <tr>\n","      <th>0</th>\n","      <td>1</td>\n","      <td>1</td>\n","      <td>0</td>\n","      <td>0</td>\n","      <td>1</td>\n","      <td>1</td>\n","      <td>0</td>\n","      <td>0</td>\n","      <td>0</td>\n","      <td>1</td>\n","      <td>...</td>\n","      <td>0</td>\n","      <td>1</td>\n","      <td>1</td>\n","      <td>1</td>\n","      <td>0</td>\n","      <td>0</td>\n","      <td>1</td>\n","      <td>1</td>\n","      <td>0</td>\n","      <td>0</td>\n","    </tr>\n","    <tr>\n","      <th>1</th>\n","      <td>1</td>\n","      <td>1</td>\n","      <td>0</td>\n","      <td>0</td>\n","      <td>1</td>\n","      <td>1</td>\n","      <td>0</td>\n","      <td>0</td>\n","      <td>0</td>\n","      <td>0</td>\n","      <td>...</td>\n","      <td>1</td>\n","      <td>0</td>\n","      <td>0</td>\n","      <td>0</td>\n","      <td>0</td>\n","      <td>0</td>\n","      <td>0</td>\n","      <td>0</td>\n","      <td>0</td>\n","      <td>0</td>\n","    </tr>\n","    <tr>\n","      <th>2</th>\n","      <td>1</td>\n","      <td>0</td>\n","      <td>0</td>\n","      <td>0</td>\n","      <td>1</td>\n","      <td>0</td>\n","      <td>1</td>\n","      <td>0</td>\n","      <td>0</td>\n","      <td>1</td>\n","      <td>...</td>\n","      <td>0</td>\n","      <td>1</td>\n","      <td>1</td>\n","      <td>0</td>\n","      <td>0</td>\n","      <td>0</td>\n","      <td>0</td>\n","      <td>0</td>\n","      <td>0</td>\n","      <td>1</td>\n","    </tr>\n","    <tr>\n","      <th>3</th>\n","      <td>1</td>\n","      <td>0</td>\n","      <td>1</td>\n","      <td>1</td>\n","      <td>1</td>\n","      <td>0</td>\n","      <td>0</td>\n","      <td>1</td>\n","      <td>0</td>\n","      <td>1</td>\n","      <td>...</td>\n","      <td>1</td>\n","      <td>1</td>\n","      <td>0</td>\n","      <td>1</td>\n","      <td>0</td>\n","      <td>0</td>\n","      <td>0</td>\n","      <td>0</td>\n","      <td>1</td>\n","      <td>0</td>\n","    </tr>\n","    <tr>\n","      <th>4</th>\n","      <td>1</td>\n","      <td>0</td>\n","      <td>0</td>\n","      <td>1</td>\n","      <td>0</td>\n","      <td>0</td>\n","      <td>0</td>\n","      <td>0</td>\n","      <td>1</td>\n","      <td>0</td>\n","      <td>...</td>\n","      <td>1</td>\n","      <td>1</td>\n","      <td>0</td>\n","      <td>1</td>\n","      <td>0</td>\n","      <td>0</td>\n","      <td>0</td>\n","      <td>0</td>\n","      <td>0</td>\n","      <td>1</td>\n","    </tr>\n","    <tr>\n","      <th>...</th>\n","      <td>...</td>\n","      <td>...</td>\n","      <td>...</td>\n","      <td>...</td>\n","      <td>...</td>\n","      <td>...</td>\n","      <td>...</td>\n","      <td>...</td>\n","      <td>...</td>\n","      <td>...</td>\n","      <td>...</td>\n","      <td>...</td>\n","      <td>...</td>\n","      <td>...</td>\n","      <td>...</td>\n","      <td>...</td>\n","      <td>...</td>\n","      <td>...</td>\n","      <td>...</td>\n","      <td>...</td>\n","      <td>...</td>\n","    </tr>\n","    <tr>\n","      <th>182</th>\n","      <td>0</td>\n","      <td>0</td>\n","      <td>0</td>\n","      <td>0</td>\n","      <td>0</td>\n","      <td>0</td>\n","      <td>0</td>\n","      <td>0</td>\n","      <td>0</td>\n","      <td>0</td>\n","      <td>...</td>\n","      <td>0</td>\n","      <td>0</td>\n","      <td>0</td>\n","      <td>0</td>\n","      <td>0</td>\n","      <td>0</td>\n","      <td>0</td>\n","      <td>0</td>\n","      <td>0</td>\n","      <td>0</td>\n","    </tr>\n","    <tr>\n","      <th>183</th>\n","      <td>0</td>\n","      <td>1</td>\n","      <td>1</td>\n","      <td>0</td>\n","      <td>0</td>\n","      <td>0</td>\n","      <td>1</td>\n","      <td>0</td>\n","      <td>0</td>\n","      <td>0</td>\n","      <td>...</td>\n","      <td>0</td>\n","      <td>0</td>\n","      <td>0</td>\n","      <td>1</td>\n","      <td>0</td>\n","      <td>0</td>\n","      <td>0</td>\n","      <td>0</td>\n","      <td>0</td>\n","      <td>0</td>\n","    </tr>\n","    <tr>\n","      <th>184</th>\n","      <td>0</td>\n","      <td>1</td>\n","      <td>0</td>\n","      <td>1</td>\n","      <td>0</td>\n","      <td>1</td>\n","      <td>0</td>\n","      <td>0</td>\n","      <td>1</td>\n","      <td>0</td>\n","      <td>...</td>\n","      <td>1</td>\n","      <td>0</td>\n","      <td>1</td>\n","      <td>1</td>\n","      <td>0</td>\n","      <td>0</td>\n","      <td>0</td>\n","      <td>0</td>\n","      <td>0</td>\n","      <td>0</td>\n","    </tr>\n","    <tr>\n","      <th>185</th>\n","      <td>0</td>\n","      <td>1</td>\n","      <td>0</td>\n","      <td>1</td>\n","      <td>0</td>\n","      <td>1</td>\n","      <td>0</td>\n","      <td>0</td>\n","      <td>1</td>\n","      <td>1</td>\n","      <td>...</td>\n","      <td>0</td>\n","      <td>1</td>\n","      <td>0</td>\n","      <td>1</td>\n","      <td>0</td>\n","      <td>0</td>\n","      <td>0</td>\n","      <td>0</td>\n","      <td>0</td>\n","      <td>0</td>\n","    </tr>\n","    <tr>\n","      <th>186</th>\n","      <td>0</td>\n","      <td>0</td>\n","      <td>0</td>\n","      <td>0</td>\n","      <td>0</td>\n","      <td>0</td>\n","      <td>0</td>\n","      <td>0</td>\n","      <td>0</td>\n","      <td>0</td>\n","      <td>...</td>\n","      <td>0</td>\n","      <td>0</td>\n","      <td>0</td>\n","      <td>0</td>\n","      <td>0</td>\n","      <td>0</td>\n","      <td>0</td>\n","      <td>0</td>\n","      <td>0</td>\n","      <td>0</td>\n","    </tr>\n","  </tbody>\n","</table>\n","<p>187 rows × 23 columns</p>\n","</div>\n","      <button class=\"colab-df-convert\" onclick=\"convertToInteractive('df-8cf4b3dc-984d-433f-a546-98401e21a592')\"\n","              title=\"Convert this dataframe to an interactive table.\"\n","              style=\"display:none;\">\n","        \n","  <svg xmlns=\"http://www.w3.org/2000/svg\" height=\"24px\"viewBox=\"0 0 24 24\"\n","       width=\"24px\">\n","    <path d=\"M0 0h24v24H0V0z\" fill=\"none\"/>\n","    <path d=\"M18.56 5.44l.94 2.06.94-2.06 2.06-.94-2.06-.94-.94-2.06-.94 2.06-2.06.94zm-11 1L8.5 8.5l.94-2.06 2.06-.94-2.06-.94L8.5 2.5l-.94 2.06-2.06.94zm10 10l.94 2.06.94-2.06 2.06-.94-2.06-.94-.94-2.06-.94 2.06-2.06.94z\"/><path d=\"M17.41 7.96l-1.37-1.37c-.4-.4-.92-.59-1.43-.59-.52 0-1.04.2-1.43.59L10.3 9.45l-7.72 7.72c-.78.78-.78 2.05 0 2.83L4 21.41c.39.39.9.59 1.41.59.51 0 1.02-.2 1.41-.59l7.78-7.78 2.81-2.81c.8-.78.8-2.07 0-2.86zM5.41 20L4 18.59l7.72-7.72 1.47 1.35L5.41 20z\"/>\n","  </svg>\n","      </button>\n","      \n","  <style>\n","    .colab-df-container {\n","      display:flex;\n","      flex-wrap:wrap;\n","      gap: 12px;\n","    }\n","\n","    .colab-df-convert {\n","      background-color: #E8F0FE;\n","      border: none;\n","      border-radius: 50%;\n","      cursor: pointer;\n","      display: none;\n","      fill: #1967D2;\n","      height: 32px;\n","      padding: 0 0 0 0;\n","      width: 32px;\n","    }\n","\n","    .colab-df-convert:hover {\n","      background-color: #E2EBFA;\n","      box-shadow: 0px 1px 2px rgba(60, 64, 67, 0.3), 0px 1px 3px 1px rgba(60, 64, 67, 0.15);\n","      fill: #174EA6;\n","    }\n","\n","    [theme=dark] .colab-df-convert {\n","      background-color: #3B4455;\n","      fill: #D2E3FC;\n","    }\n","\n","    [theme=dark] .colab-df-convert:hover {\n","      background-color: #434B5C;\n","      box-shadow: 0px 1px 3px 1px rgba(0, 0, 0, 0.15);\n","      filter: drop-shadow(0px 1px 2px rgba(0, 0, 0, 0.3));\n","      fill: #FFFFFF;\n","    }\n","  </style>\n","\n","      <script>\n","        const buttonEl =\n","          document.querySelector('#df-8cf4b3dc-984d-433f-a546-98401e21a592 button.colab-df-convert');\n","        buttonEl.style.display =\n","          google.colab.kernel.accessAllowed ? 'block' : 'none';\n","\n","        async function convertToInteractive(key) {\n","          const element = document.querySelector('#df-8cf4b3dc-984d-433f-a546-98401e21a592');\n","          const dataTable =\n","            await google.colab.kernel.invokeFunction('convertToInteractive',\n","                                                     [key], {});\n","          if (!dataTable) return;\n","\n","          const docLinkHtml = 'Like what you see? Visit the ' +\n","            '<a target=\"_blank\" href=https://colab.research.google.com/notebooks/data_table.ipynb>data table notebook</a>'\n","            + ' to learn more about interactive tables.';\n","          element.innerHTML = '';\n","          dataTable['output_type'] = 'display_data';\n","          await google.colab.output.renderOutput(dataTable, element);\n","          const docLink = document.createElement('div');\n","          docLink.innerHTML = docLinkHtml;\n","          element.appendChild(docLink);\n","        }\n","      </script>\n","    </div>\n","  </div>\n","  "]},"metadata":{},"execution_count":7}]},{"cell_type":"code","source":["# practice 2.3: import Sequential class and Dense class from keras\n","from tensorflow.keras.models import Sequential\n","from tensorflow.keras.layers import Dense"],"metadata":{"id":"35bDpLBVD3_C","executionInfo":{"status":"ok","timestamp":1670101938789,"user_tz":360,"elapsed":8261,"user":{"displayName":"Ethan Kao","userId":"06145837068392391056"}}},"execution_count":8,"outputs":[]},{"cell_type":"code","source":["# practice 2.4: build a three-layer neural network with binary function as output\n","model = Sequential()\n","model.add(Dense(100, activation=\"relu\", input_shape=(22,))) # input layer1 --> hidden layer1\n","model.add(Dense(100, activation=\"relu\")) # hidden layer 1 --> hidden layer 2\n","model.add(Dense(1, activation=\"sigmoid\")) # hidden layer 2 --> output layer \n","model.summary()"],"metadata":{"id":"AwDB54yfD6Zz","executionInfo":{"status":"ok","timestamp":1670101939520,"user_tz":360,"elapsed":733,"user":{"displayName":"Ethan Kao","userId":"06145837068392391056"}},"colab":{"base_uri":"https://localhost:8080/"},"outputId":"941a4f4b-0cd2-4d25-b8d7-97bd8ed00f8d"},"execution_count":9,"outputs":[{"output_type":"stream","name":"stdout","text":["Model: \"sequential\"\n","_________________________________________________________________\n"," Layer (type)                Output Shape              Param #   \n","=================================================================\n"," dense (Dense)               (None, 100)               2300      \n","                                                                 \n"," dense_1 (Dense)             (None, 100)               10100     \n","                                                                 \n"," dense_2 (Dense)             (None, 1)                 101       \n","                                                                 \n","=================================================================\n","Total params: 12,501\n","Trainable params: 12,501\n","Non-trainable params: 0\n","_________________________________________________________________\n"]}]},{"cell_type":"markdown","source":["**Practice 3: Define the first hidden layer in model architecture**\n","\n","---\n","\n"],"metadata":{"id":"Mf